Time,Distance,Player_Pos_X,Player_Pos_Y,Player_Pos_Z,Player_Speed,Player_Health,Player_Turret_X,Player_Turret_Y,Player_Body_X,Player_Body_Y,Player_Body_Z,TurretCam_X,TurretCam_Y,TurretCam_Z,StereoL_X,StereoL_Y,StereoL_Z,StereoL_Roll,StereoL_Pitch,StereoL_Yaw,StereoR_X,StereoR_Y,StereoR_Z,StereoR_Roll,StereoR_Pitch,StereoR_Yaw,Enemy_Pos_X,Enemy_Pos_Y,Enemy_Pos_Z,Enemy_Speed,Enemy_Health,Enemy_Turret_X,Enemy_Turret_Y,Enemy_Body_X,Enemy_Body_Y,Enemy_Body_Z
0.60,322.06,50.0000,7.9993,5.0000,-0.02,100.00,0.00,0.00,0.00,0.00,0.00,50.0071,11.0172,5.3499,49.6171,11.0172,5.3599,0.00,0.00,0.00,50.6171,11.0172,5.3599,0.00,0.00,0.00,200.0000,8.6400,290.0000,-0.07,100.00,180.00,0.00,180.00,0.00,0.00
0.95,321.93,50.0000,7.9817,5.0000,0.05,100.00,0.00,0.00,0.00,0.00,0.00,50.0071,10.9996,5.3499,49.6171,10.9996,5.3599,0.00,0.00,0.00,50.6171,10.9996,5.3599,0.00,0.00,0.00,199.9024,6.8822,289.9037,5.04,100.00,178.72,-7.32,178.72,7.32,349.80
1.32,321.95,50.0000,7.9697,5.0000,0.03,100.00,0.00,0.00,0.00,0.00,0.00,50.0071,10.9876,5.3499,49.6171,10.9876,5.3599,0.00,0.00,0.00,50.6171,10.9876,5.3599,0.00,0.00,0.00,199.9084,6.8695,289.9199,0.06,100.00,178.94,-6.06,178.94,6.06,350.20
1.67,321.96,50.0000,7.9874,5.0000,0.05,100.00,0.00,0.00,0.00,0.00,0.00,50.0071,11.0053,5.3499,49.6171,11.0053,5.3599,0.00,0.00,0.00,50.6171,11.0053,5.3599,0.00,0.00,0.00,199.9127,6.8666,289.9238,0.02,100.00,179.01,-5.72,179.01,5.72,350.55
2.04,321.85,50.0113,7.9757,5.1192,0.33,100.00,12.71,0.00,12.71,0.00,0.00,50.0951,10.9936,5.4590,49.7169,10.9936,5.5545,0.00,0.00,12.71,50.6924,10.9936,5.3345,0.00,0.00,12.71,199.9127,6.8666,289.9238,0.00,100.00,179.01,-5.72,179.01,5.72,350.55
2.42,321.54,50.1061,7.9697,5.4171,0.82,100.00,31.27,0.00,25.93,0.00,0.00,50.2655,10.9876,5.7287,49.9373,10.9876,5.9397,0.00,0.00,31.27,50.7920,10.9876,5.4206,0.00,0.00,31.27,199.9127,6.8666,289.9238,0.00,100.00,179.01,-5.72,179.01,5.72,350.55
2.84,321.26,50.2412,7.9757,5.6632,0.67,100.00,41.72,0.00,34.07,0.00,0.00,50.4430,10.9936,5.9491,50.1586,10.9936,6.2161,0.00,0.00,41.72,50.9049,10.9936,5.5506,0.00,0.00,41.72,199.9127,6.8666,289.9238,0.00,100.00,179.01,-5.72,179.01,5.72,350.55
3.29,320.70,50.5302,7.9933,6.1385,1.24,100.00,30.85,0.00,23.20,0.00,0.00,50.6745,11.0112,6.4573,50.3448,11.0112,6.6659,0.00,0.00,30.85,51.2033,11.0112,6.1531,0.00,0.00,30.85,199.9127,6.8666,289.9238,0.00,100.00,179.01,-5.72,179.01,5.72,350.55
3.65,319.74,50.8538,7.9815,7.0515,2.64,100.00,21.00,0.00,6.88,0.00,0.00,50.9027,10.9994,7.3980,50.5422,10.9994,7.5471,0.00,0.00,21.00,51.4758,10.9994,7.1887,0.00,0.00,21.00,199.9127,6.8666,289.9238,0.00,100.00,179.01,-5.72,179.01,5.72,350.55
3.97,319.07,50.8914,7.9874,7.7997,2.37,100.00,8.04,0.00,353.55,0.00,0.00,50.8591,11.0053,8.1481,50.4743,11.0053,8.2125,0.00,0.00,8.04,51.4645,11.0053,8.0727,0.00,0.00,8.04,199.9127,6.8666,289.9238,0.00,100.00,179.01,-5.72,179.01,5.72,350.55
4.32,318.24,50.8249,7.9698,8.7675,2.77,100.00,12.25,0.00,2.54,0.00,0.00,50.8475,10.9877,9.1167,50.4685,10.9877,9.2093,0.00,0.00,12.25,51.4457,10.9877,8.9970,0.00,0.00,12.25,199.9127,6.8666,289.9238,0.00,100.00,179.01,-5.72,179.01,5.72,350.55
4.69,317.47,50.8924,7.9933,9.6095,2.30,100.00,18.24,0.00,11.56,0.00,0.00,50.9694,11.0112,9.9509,50.6021,11.0112,10.0824,0.00,0.00,18.24,51.5519,11.0112,9.7695,0.00,0.00,18.24,199.9127,6.8666,289.9238,0.00,100.00,179.01,-5.72,179.01,5.72,350.55
5.00,315.84,51.4039,7.9993,11.1834,5.23,100.00,30.74,0.00,24.89,0.00,0.00,51.5576,11.0172,11.4978,51.2275,11.0172,11.7058,0.00,0.00,30.74,52.0870,11.0172,11.1946,0.00,0.00,30.74,199.9127,6.8666,289.9238,0.00,100.00,179.01,-5.72,179.01,5.72,350.55
5.40,315.11,51.7116,7.9992,11.8466,1.83,100.00,32.99,0.00,24.89,0.00,0.00,51.8653,11.0171,12.1611,51.5436,11.0171,12.3818,0.00,0.00,32.99,52.3824,11.0171,11.8373,0.00,0.00,32.99,199.9127,6.8666,289.9238,0.00,100.00,179.01,-5.72,179.01,5.72,350.55
5.86,314.61,51.9094,7.9761,12.3038,1.10,100.00,37.27,0.00,19.00,0.00,0.00,52.0300,10.9940,12.6323,51.7257,10.9940,12.8765,0.00,0.00,37.27,52.5215,10.9940,12.2709,0.00,0.00,37.27,199.9127,6.8666,289.9238,0.00,100.00,179.01,-5.72,179.01,5.72,350.55
6.26,313.45,52.2512,7.9762,13.4313,2.95,100.00,30.88,0.00,8.18,0.00,0.00,52.3080,10.9941,13.7766,51.9784,10.9941,13.9853,0.00,0.00,30.88,52.8366,10.9941,13.4721,0.00,0.00,30.88,199.9127,6.8666,289.9238,0.00,100.00,179.01,-5.72,179.01,5.72,350.55
6.66,311.84,52.4186,7.9761,15.1756,4.38,100.00,25.05,0.00,2.16,0.00,0.00,52.4388,10.9940,15.5249,52.0897,10.9940,15.6991,0.00,0.00,25.05,52.9957,10.9940,15.2757,0.00,0.00,25.05,199.9127,6.8666,289.9238,0.00,100.00,179.01,-5.72,179.01,5.72,350.55
7.01,311.38,52.4377,7.9938,15.6834,1.45,100.00,25.05,0.00,2.16,0.00,0.00,52.4580,11.0117,16.0328,52.1089,11.0117,16.2070,0.00,0.00,25.05,53.0149,11.0117,15.7836,0.00,0.00,25.05,199.9127,6.8666,289.9238,0.00,100.00,179.01,-5.72,179.01,5.72,350.55
7.36,310.76,52.4656,7.9762,16.3759,1.98,100.00,24.06,0.00,6.73,0.00,0.00,52.5136,10.9940,16.7225,52.1615,10.9940,16.8907,0.00,0.00,24.06,53.0746,10.9940,16.4830,0.00,0.00,24.06,199.9127,6.8666,289.9238,0.00,100.00,179.01,-5.72,179.01,5.72,350.55
7.67,310.41,52.5183,7.9820,16.7399,1.16,100.00,23.36,0.00,13.07,0.00,0.00,52.6043,10.9999,17.0791,52.2502,10.9999,17.2429,0.00,0.00,23.36,53.1682,10.9999,16.8464,0.00,0.00,23.36,199.9127,6.8666,289.9238,0.00,100.00,179.01,-5.72,179.01,5.72,350.55
8.02,309.49,52.7982,7.9997,17.6356,2.68,100.00,29.57,0.00,22.54,0.00,0.00,52.9389,11.0176,17.9560,52.6046,11.0176,18.1572,0.00,0.00,29.57,53.4743,11.0176,17.6637,0.00,0.00,29.57,199.9127,6.8666,289.9238,0.00,100.00,179.01,-5.72,179.01,5.72,350.55
8.34,309.22,52.9063,7.9703,17.8901,0.88,100.00,34.97,0.00,24.42,0.00,0.00,53.0574,10.9882,18.2058,52.7435,10.9882,18.4375,0.00,0.00,34.97,53.5630,10.9882,17.8643,0.00,0.00,34.97,199.9127,6.8666,289.9238,0.00,100.00,179.01,-5.72,179.01,5.72,350.55
8.84,307.78,53.4447,7.9703,19.2339,2.90,100.00,34.01,0.00,15.19,0.00,0.00,53.5432,10.9882,19.5697,53.2255,10.9882,19.7962,0.00,0.00,34.01,54.0544,10.9882,19.2368,0.00,0.00,34.01,199.9127,6.8666,289.9238,0.00,100.00,179.01,-5.72,179.01,5.72,350.55
9.19,306.37,53.7787,7.9880,20.6503,4.16,100.00,29.00,0.00,7.57,0.00,0.00,53.8318,11.0059,20.9962,53.4955,11.0059,21.1940,0.00,0.00,29.00,54.3702,11.0059,20.7092,0.00,0.00,29.00,199.9127,6.8666,289.9238,0.00,100.00,179.01,-5.72,179.01,5.72,350.55
9.56,304.71,53.9309,7.9762,22.4579,4.95,100.00,20.77,0.00,359.48,0.00,0.00,53.9348,10.9941,22.8078,53.5737,10.9941,22.9555,0.00,0.00,20.77,54.5087,10.9941,22.6009,0.00,0.00,20.77,199.9127,6.8666,289.9238,0.00,100.00,179.01,-5.72,179.01,5.72,350.55
9.92,303.23,53.9909,7.9997,24.1213,4.54,100.00,20.63,0.00,7.09,0.00,0.00,54.0411,11.0176,24.4676,53.6796,11.0176,24.6144,0.00,0.00,20.63,54.6155,11.0176,24.2621,0.00,0.00,20.63,199.9127,6.8666,289.9238,0.00,100.00,179.01,-5.72,179.01,5.72,350.55
10.32,301.50,54.3116,7.9997,25.9085,4.54,100.00,22.61,0.00,19.44,0.00,0.00,54.4347,11.0176,26.2361,54.0785,11.0176,26.3953,0.00,0.00,22.61,55.0017,11.0176,26.0108,0.00,0.00,22.61,199.9127,6.8666,289.9238,0.00,100.00,179.01,-5.72,179.01,5.72,350.55
10.69,299.47,55.0935,7.9880,27.8021,5.59,100.00,25.19,0.00,22.03,0.00,0.00,55.2313,11.0059,28.1238,54.8826,11.0059,28.2989,0.00,0.00,25.19,55.7875,11.0059,27.8732,0.00,0.00,25.19,199.9127,6.8666,289.9238,0.00,100.00,179.01,-5.72,179.01,5.72,350.55
11.07,297.84,55.6893,7.9821,29.3364,4.29,100.00,26.06,0.00,19.13,0.00,0.00,55.8106,11.0000,29.6646,55.4647,11.0000,29.8450,0.00,0.00,26.06,56.3630,11.0000,29.4057,0.00,0.00,26.06,199.9127,6.8666,289.9238,0.00,100.00,179.01,-5.72,179.01,5.72,350.55
11.52,295.79,56.3416,7.9997,31.3207,4.64,100.00,30.06,0.00,15.33,0.00,0.00,56.4409,11.0176,31.6563,56.1084,11.0176,31.8603,0.00,0.00,30.06,56.9738,11.0176,31.3593,0.00,0.00,30.06,199.9127,6.8666,289.9238,0.00,100.00,179.01,-5.72,179.01,5.72,350.55
11.91,291.63,57.3402,8.0107,35.5252,11.27,100.00,28.37,0.35,10.52,359.32,359.00,57.4560,11.0320,35.8229,57.1177,11.0399,36.0169,358.84,359.65,28.37,57.9974,11.0197,35.5420,358.84,359.65,28.37,199.9127,6.8666,289.9238,0.00,100.00,179.01,-5.72,179.01,5.72,350.55
12.27,289.77,57.6912,8.0146,37.4643,5.37,100.00,29.44,0.49,10.69,358.96,358.48,57.8315,11.0371,37.7382,57.4969,11.0492,37.9384,358.23,359.51,29.44,58.3675,11.0183,37.4474,358.23,359.51,29.44,199.9127,6.8666,289.9238,0.00,100.00,179.01,-5.72,179.01,5.72,350.55
12.77,286.17,58.5590,8.0821,41.1043,7.48,100.00,31.71,0.01,18.15,359.38,357.48,58.7906,11.1004,41.3620,58.4644,11.1181,41.5753,357.40,359.99,31.71,59.3142,11.0728,41.0503,357.40,359.99,31.71,199.9127,6.8666,289.9238,0.00,100.00,179.01,-5.72,179.01,5.72,350.55
13.12,283.06,59.6163,8.1767,44.0877,9.05,100.00,34.79,0.52,23.63,358.59,355.53,59.9487,11.1926,44.2432,59.6350,11.2243,44.4730,355.34,359.48,34.79,60.4540,11.1431,43.9049,355.34,359.48,34.79,199.9127,6.8666,289.9238,0.00,100.00,179.01,-5.72,179.01,5.72,350.55
13.46,279.42,61.0742,8.2798,47.4447,10.98,100.00,33.66,1.45,23.13,357.50,354.52,61.4318,11.2956,47.5297,61.1138,11.3356,47.7522,354.15,358.55,33.66,61.9433,11.2337,47.2030,354.15,358.55,33.66,199.9127,6.8666,289.9238,0.00,100.00,179.01,-5.72,179.01,5.72,350.55
13.87,276.22,62.3342,8.5025,50.4056,7.74,100.00,33.29,3.48,20.88,354.64,351.86,62.7645,11.5086,50.3155,62.4460,11.5708,50.5321,350.90,356.52,33.29,63.2767,11.4129,49.9982,350.90,356.52,33.29,199.9127,6.8666,289.9238,0.00,100.00,179.01,-5.72,179.01,5.72,350.55
14.24,271.73,63.8571,9.0701,54.7242,12.50,100.00,29.72,6.33,15.53,351.13,350.79,64.2990,12.0663,54.4838,63.9675,12.1420,54.6750,348.90,353.67,29.72,64.8302,11.9507,54.2069,348.90,353.67,29.72,199.9127,6.8666,289.9238,0.00,100.00,179.01,-5.72,179.01,5.72,350.55
14.61,267.41,64.9401,9.7158,59.0891,12.47,100.00,26.92,5.38,10.83,352.59,353.71,65.2644,12.7348,58.9866,64.9223,12.7904,59.1656,351.90,354.62,26.92,65.8110,12.6502,58.7292,351.90,354.62,26.92,199.9127,6.8666,289.9238,0.00,100.00,179.01,-5.72,179.01,5.72,350.55
15.01,263.32,65.8609,10.0685,63.3006,10.82,100.00,21.55,0.93,21.31,359.05,355.84,66.1806,13.0833,63.4979,65.8223,13.1118,63.6497,355.83,359.07,21.55,66.7504,13.0391,63.2843,355.83,359.07,21.55,199.9127,6.8666,289.9238,0.00,100.00,179.01,-5.72,179.01,5.72,350.55
15.31,260.35,67.1102,10.0666,66.0099,9.83,100.00,25.82,-1.15,30.74,1.20,359.57,67.3466,13.0764,66.3495,66.9999,13.0798,66.5284,359.47,1.15,25.82,67.9000,13.0706,66.0928,359.47,1.15,25.82,199.9127,6.8666,289.9238,0.00,100.00,179.01,-5.72,179.01,5.72,350.55
15.67,256.73,69.0804,9.9602,69.0567,10.00,100.00,30.82,-2.28,40.29,2.03,1.68,69.3137,12.9627,69.4575,68.9839,12.9533,69.6655,1.32,2.28,30.82,69.8428,12.9763,69.1540,1.32,2.28,30.82,199.9127,6.8666,289.9238,0.00,100.00,179.01,-5.72,179.01,5.72,350.55
16.01,252.58,71.9989,9.8593,72.1490,12.76,100.00,36.60,-2.07,46.34,1.76,1.98,72.2518,12.8635,72.5247,71.9445,12.8519,72.7648,1.65,2.07,36.60,72.7476,12.8807,72.1696,1.65,2.07,36.60,199.9127,6.8666,289.9238,0.00,100.00,179.01,-5.72,179.01,5.72,350.55
16.39,249.47,74.3546,9.7910,74.3689,8.45,100.00,35.71,-1.76,41.08,1.49,2.99,74.5224,12.7950,74.7906,74.2117,12.7754,75.0256,2.84,1.76,35.71,75.0235,12.8250,74.4438,2.84,1.76,35.71,199.9127,6.8666,289.9238,0.00,100.00,179.01,-5.72,179.01,5.72,350.55
16.71,248.33,75.1233,9.7729,75.2507,3.69,100.00,36.82,-1.29,38.58,1.22,2.16,75.2983,12.7808,75.6410,74.9921,12.7661,75.8823,2.12,1.29,36.82,75.7926,12.8031,75.2841,2.12,1.29,36.82,199.9127,6.8666,289.9238,0.00,100.00,179.01,-5.72,179.01,5.72,350.55
17.12,242.83,78.3378,9.6945,79.7370,13.25,100.00,27.41,-0.76,30.51,0.69,1.38,78.4773,12.7073,80.1029,78.1358,12.6980,80.2912,1.34,0.76,27.41,79.0234,12.7214,79.8312,1.34,0.76,27.41,199.9127,6.8666,289.9238,0.00,100.00,179.01,-5.72,179.01,5.72,350.55
17.49,239.22,80.1473,9.6759,82.8673,9.86,100.00,26.38,-0.36,29.48,0.30,1.19,80.2786,12.6915,83.2129,79.9337,12.6834,83.3951,1.18,0.36,26.38,80.8294,12.7039,82.9509,1.18,0.36,26.38,199.9127,6.8666,289.9238,0.00,100.00,179.01,-5.72,179.01,5.72,350.55
17.94,234.96,82.2393,9.6801,86.5682,9.45,100.00,26.37,0.38,29.47,359.58,0.82,82.3688,12.7003,86.8714,82.0239,12.6946,87.0536,0.85,359.62,26.37,82.9197,12.7094,86.6094,0.85,359.62,26.37,199.9127,6.8666,289.9238,0.00,100.00,179.01,-5.72,179.01,5.72,350.55
18.32,231.54,83.9257,9.7461,89.5528,8.94,100.00,24.21,0.36,29.47,359.56,0.85,84.0535,12.7664,89.8555,83.7019,12.7604,90.0246,0.89,359.64,24.21,84.6139,12.7759,89.6145,0.89,359.64,24.21,199.9127,6.8666,289.9238,0.00,100.00,179.01,-5.72,179.01,5.72,350.55
18.64,229.22,85.1166,9.7284,91.5464,7.33,100.00,25.41,0.39,34.77,359.50,0.66,85.2782,12.7491,91.8281,84.9303,12.7441,92.0045,0.74,359.61,25.41,85.8334,12.7570,91.5754,0.74,359.61,25.41,199.9127,6.8666,289.9238,0.00,100.00,179.01,-5.72,179.01,5.72,350.55
19.16,225.88,87.1294,9.7679,94.2405,6.51,100.00,27.15,0.22,42.40,359.94,359.42,87.3909,12.7860,94.4708,87.0485,12.7897,94.6576,359.45,359.78,27.15,87.9383,12.7802,94.2014,359.45,359.78,27.15,199.9127,6.8666,289.9238,0.00,100.00,179.01,-5.72,179.01,5.72,350.55
19.67,221.22,90.5354,9.7980,97.6616,9.34,100.00,32.91,1.13,48.16,359.51,357.50,90.8692,12.8156,97.7744,90.5473,12.8313,97.9943,357.72,358.87,32.91,91.3866,12.7916,97.4520,357.72,358.87,32.91,199.9127,6.8666,289.9238,0.00,100.00,179.01,-5.72,179.01,5.72,350.55
20.08,216.24,94.3858,9.8216,101.2061,12.98,100.00,35.19,1.24,46.01,359.46,356.26,94.7587,12.8358,101.2825,94.4461,12.8603,101.5146,356.43,358.77,35.19,95.2625,12.7980,100.9405,356.43,358.77,35.19,199.9127,6.8666,289.9238,0.00,100.00,179.01,-5.72,179.01,5.72,350.55
20.38,213.50,96.4477,9.8636,103.1949,9.49,100.00,36.51,1.62,46.04,359.05,355.88,96.8190,12.8786,103.2419,96.5117,12.9054,103.4808,356.09,358.38,36.51,97.3148,12.8373,102.8888,356.09,358.38,36.51,199.9127,6.8666,289.9238,0.00,100.00,179.01,-5.72,179.01,5.72,350.55
20.79,210.32,98.8426,9.9619,105.5030,8.09,100.00,36.57,2.48,46.10,358.23,355.51,99.1965,12.9793,105.5060,98.8893,13.0078,105.7448,355.87,357.52,36.57,99.6922,12.9358,105.1530,355.87,357.52,36.57,199.9127,6.8666,289.9238,0.00,100.00,179.01,-5.72,179.01,5.72,350.55
21.14,208.14,100.4919,10.0365,107.0962,6.56,100.00,36.99,3.06,43.31,357.57,354.14,100.8737,13.0501,107.0421,100.5685,13.0883,107.2820,354.45,356.94,36.99,101.3665,12.9917,106.6872,354.45,356.94,36.99,199.9127,6.8666,289.9238,0.00,100.00,179.01,-5.72,179.01,5.72,350.55
21.44,205.62,102.2114,10.1833,109.0247,8.63,100.00,33.63,4.22,36.35,356.02,354.79,102.5209,13.2051,108.9713,102.2015,13.2398,109.1927,354.99,355.78,33.63,103.0345,13.1527,108.6462,354.99,355.78,33.63,199.9127,6.8666,289.9238,0.00,100.00,179.01,-5.72,179.01,5.72,350.55
21.79,204.03,103.1548,10.3178,110.3264,4.61,100.00,33.06,4.74,30.90,355.05,354.49,103.4557,13.3400,110.2509,103.1341,13.3794,110.4682,354.31,355.26,33.06,103.9726,13.2805,109.9323,354.31,355.26,33.06,199.9127,6.8666,289.9238,0.00,100.00,179.01,-5.72,179.01,5.72,350.55
22.29,199.77,105.1413,10.6997,114.1032,8.49,100.00,21.39,5.51,20.81,354.46,356.91,105.3205,13.7325,114.0963,104.9608,13.7548,114.2457,356.85,354.49,21.39,105.8925,13.7001,113.8864,356.85,354.49,21.39,199.9127,6.8666,289.9238,0.00,100.00,179.01,-5.72,179.01,5.72,350.55
22.59,194.63,106.9372,11.2175,118.9925,17.45,100.00,17.12,6.11,19.83,353.94,358.66,107.0205,14.2545,118.9940,106.6506,14.2627,119.1176,358.94,353.89,17.12,107.6066,14.2444,118.8250,358.94,353.89,17.12,199.9127,6.8666,289.9238,0.00,100.00,179.01,-5.72,179.01,5.72,350.55
22.99,191.81,107.9211,11.5430,121.6731,7.19,100.00,16.46,6.85,20.46,353.18,359.28,107.9594,14.5808,121.6472,107.5882,14.5836,121.7670,359.76,353.15,16.46,108.5473,14.5794,121.4841,359.76,353.15,16.46,199.9127,6.8666,289.9238,0.00,100.00,179.01,-5.72,179.01,5.72,350.55
23.39,188.51,109.0921,11.9748,124.8103,8.44,100.00,15.66,6.85,20.45,353.22,358.88,109.1510,15.0122,124.7792,108.7780,15.0171,124.8936,359.45,353.15,15.66,109.7412,15.0076,124.6248,359.45,353.15,15.66,199.9127,6.8666,289.9238,0.00,100.00,179.01,-5.72,179.01,5.72,350.55
23.76,185.18,110.3946,12.3290,127.9115,9.22,100.00,23.20,5.48,29.57,355.02,355.21,110.6630,15.3548,127.8599,110.3084,15.3842,128.0198,355.79,354.52,23.20,111.2278,15.3112,127.6333,355.79,354.52,23.20,199.9127,6.8666,289.9238,0.00,100.00,179.01,-5.72,179.01,5.72,350.55
24.18,181.12,112.6196,12.4536,131.3294,9.79,100.00,31.86,-1.58,39.99,2.67,352.54,113.2391,15.4256,131.4477,112.9170,15.4779,131.6614,352.24,1.58,31.86,113.7566,15.3430,131.1353,352.24,1.58,31.86,199.9127,6.8666,289.9238,0.00,100.00,179.01,-5.72,179.01,5.72,350.55
24.51,179.79,113.4974,12.3860,132.3623,4.07,100.00,35.11,-2.88,43.24,4.09,351.77,114.2020,15.3393,132.4711,113.8941,15.3979,132.7034,351.28,2.88,35.11,114.6983,15.2464,132.1287,351.28,2.88,35.11,199.9127,6.8666,289.9238,0.00,100.00,179.01,-5.72,179.01,5.72,350.55
24.96,176.36,115.9082,11.9728,134.9349,7.89,100.00,38.76,-7.30,42.60,7.99,350.06,116.8108,14.8667,135.1367,116.5235,14.9356,135.3916,349.55,7.30,38.76,117.2760,14.7557,134.7580,349.55,7.30,38.76,199.9127,6.8666,289.9238,0.00,100.00,179.01,-5.72,179.01,5.72,350.55
25.31,171.38,119.1349,11.4772,138.8464,14.56,100.00,33.44,-1.69,32.77,1.58,351.27,119.7599,14.4482,138.9581,119.4447,14.5070,139.1803,351.29,1.69,33.44,120.2671,14.3556,138.6319,351.29,1.69,33.44,199.9127,6.8666,289.9238,0.00,100.00,179.01,-5.72,179.01,5.72,350.55
25.76,169.59,120.0857,11.4709,140.3672,3.99,100.00,31.62,2.45,29.60,357.28,352.27,120.5474,14.4736,140.3435,120.2224,14.5271,140.5526,352.18,357.55,31.62,121.0691,14.3911,140.0382,352.18,357.55,31.62,199.9127,6.8666,289.9238,0.00,100.00,179.01,-5.72,179.01,5.72,350.55
26.13,163.58,122.8018,12.2698,145.7599,16.61,100.00,22.41,10.87,24.61,349.31,355.02,122.9573,15.2885,145.4538,122.5994,15.3208,145.6057,355.44,349.13,22.41,123.5267,15.2427,145.2396,355.44,349.13,22.41,199.9127,6.8666,289.9238,0.00,100.00,179.01,-5.72,179.01,5.72,350.55
26.49,160.78,123.9933,12.7993,148.3190,7.83,100.00,23.20,11.16,27.05,349.21,354.11,124.1760,15.8130,147.9806,123.8201,15.8493,148.1364,354.84,348.84,23.20,124.7424,15.7612,147.7599,354.84,348.84,23.20,199.9127,6.8666,289.9238,0.00,100.00,179.01,-5.72,179.01,5.72,350.55
26.98,156.26,126.2801,13.5846,152.2626,9.57,100.00,33.20,7.84,35.40,352.28,352.47,126.5763,16.5954,151.9843,126.2542,16.6455,152.1987,352.77,351.99,33.20,127.0939,16.5208,151.6702,352.77,351.99,33.20,199.9127,6.8666,289.9238,0.00,100.00,179.01,-5.72,179.01,5.72,350.55
27.34,152.81,128.2985,13.9648,155.1156,9.59,100.00,32.72,4.03,34.93,356.14,353.03,128.6889,16.9763,155.0228,128.3667,17.0232,155.2377,353.18,355.87,32.72,129.2066,16.9048,154.7082,353.18,355.87,32.72,199.9127,6.8666,289.9238,0.00,100.00,179.01,-5.72,179.01,5.72,350.55
27.69,149.38,130.2670,13.9131,157.9627,9.89,100.00,28.82,-2.51,33.79,3.78,349.46,131.0343,16.8493,158.1045,130.7053,16.9220,158.3011,349.18,2.84,28.82,131.5613,16.7344,157.8195,349.18,2.84,28.82,199.9127,6.8666,289.9238,0.00,100.00,179.01,-5.72,179.01,5.72,350.55
28.11,146.08,132.0854,13.4825,160.7179,7.99,100.00,24.30,-8.00,32.50,10.99,350.00,133.0219,16.3322,161.1998,132.6828,16.4070,161.3777,348.55,9.45,24.30,133.5627,16.2111,160.9447,348.55,9.45,24.30,199.9127,6.8666,289.9238,0.00,100.00,179.01,-5.72,179.01,5.72,350.55
28.54,143.65,133.3821,12.9899,162.7582,5.69,100.00,23.85,-10.21,32.13,13.11,350.77,134.3383,15.8106,163.3575,133.9983,15.8815,163.5351,348.99,11.66,23.85,134.8804,15.6945,163.1028,348.99,11.66,23.85,199.9127,6.8666,289.9238,0.00,100.00,179.01,-5.72,179.01,5.72,350.55
28.84,141.93,134.2888,12.5725,164.2037,5.85,100.00,24.04,-11.41,31.96,14.16,351.42,135.2429,15.3793,164.8687,134.9030,15.4459,165.0482,349.56,12.87,24.04,135.7847,15.2693,164.6107,349.56,12.87,24.04,199.9127,6.8666,289.9238,0.00,100.00,179.01,-5.72,179.01,5.72,350.55
29.28,139.43,135.6219,11.9367,166.3030,5.92,100.00,26.62,-11.72,33.64,13.88,355.03,136.4332,14.7708,167.0375,136.0958,14.8123,167.2290,353.38,13.19,26.62,136.9721,14.7001,166.7603,353.38,13.19,26.62,199.9127,6.8666,289.9238,0.00,100.00,179.01,-5.72,179.01,5.72,350.55
29.78,137.05,136.9550,11.3654,168.2756,4.90,100.00,28.79,-11.45,35.24,13.23,358.00,137.6415,14.2211,169.0527,137.3076,14.2418,169.2533,356.54,12.93,28.79,138.1758,14.1830,168.7607,356.54,12.93,28.79,199.9127,6.8666,289.9238,0.00,100.00,179.01,-5.72,179.01,5.72,350.55
30.33,133.10,139.2808,10.5774,171.4904,7.36,100.00,30.60,-8.27,36.98,9.69,1.15,139.7510,13.4929,172.2035,139.4203,13.4908,172.4105,0.07,9.75,30.60,140.2811,13.4920,171.9016,0.07,9.75,30.60,199.9127,6.8666,289.9238,0.00,100.00,179.01,-5.72,179.01,5.72,350.55
30.79,128.58,142.0392,10.1181,175.1499,9.87,100.00,29.76,0.09,35.38,1.26,1.41,142.2254,13.1269,175.5280,141.8918,13.1179,175.7301,1.28,1.39,29.76,142.7599,13.1402,175.2343,1.28,1.39,29.76,199.9127,6.8666,289.9238,0.00,100.00,179.01,-5.72,179.01,5.72,350.55
31.14,125.41,143.8682,10.2388,177.7875,9.18,100.00,30.20,5.76,32.64,355.64,1.94,143.8526,13.2731,177.9395,143.5213,13.2594,178.1451,2.12,355.73,30.20,144.3835,13.2964,177.6400,2.12,355.73,30.20,199.9127,6.8666,289.9238,0.00,100.00,179.01,-5.72,179.01,5.72,350.55
31.48,121.47,145.8744,10.7580,181.2038,11.99,100.00,26.66,11.76,24.43,349.75,0.87,145.7597,13.7898,181.0445,145.4158,13.7884,181.2288,0.47,349.73,26.66,146.3088,13.7965,180.7788,0.47,349.73,26.66,199.9127,6.8666,289.9238,0.00,100.00,179.01,-5.72,179.01,5.72,350.55
31.93,118.27,147.1309,11.4495,184.1893,7.36,100.00,24.31,14.63,19.71,347.39,358.81,147.0897,14.4702,183.8673,146.7372,14.4869,184.0337,357.81,347.52,24.31,147.6513,14.4496,183.6299,357.81,347.52,24.31,199.9127,6.8666,289.9238,0.00,100.00,179.01,-5.72,179.01,5.72,350.55
32.38,114.82,148.2651,12.1613,187.5173,7.97,100.00,22.06,11.71,15.71,350.37,358.18,148.3209,15.1935,187.3355,147.9624,15.2144,187.4880,357.13,350.62,22.06,148.8911,15.1650,187.1205,357.13,350.62,22.06,199.9127,6.8666,289.9238,0.00,100.00,179.01,-5.72,179.01,5.72,350.55
32.81,109.99,149.6032,12.7661,192.2976,11.54,100.00,23.12,5.10,15.33,356.57,355.40,149.8881,15.7892,192.3950,149.5340,15.8238,192.5552,354.98,357.22,23.12,150.4519,15.7364,192.1680,354.98,357.22,23.12,199.9127,6.8666,289.9238,0.00,100.00,179.01,-5.72,179.01,5.72,350.55
33.23,106.20,150.6348,12.8491,196.0391,9.32,100.00,20.60,1.23,20.76,1.11,355.64,151.0003,15.8505,196.3369,150.6400,15.8799,196.4836,355.64,1.10,20.60,151.5728,15.8039,196.1314,355.64,1.10,20.60,199.9127,6.8666,289.9238,0.00,100.00,179.01,-5.72,179.01,5.72,350.55
33.73,101.87,152.4596,12.5833,199.9609,8.67,100.00,26.63,-3.00,29.04,5.37,359.38,152.8005,15.5549,200.4931,152.4566,15.5597,200.6773,359.16,5.34,26.63,153.3498,15.5450,200.2278,359.16,5.34,26.63,199.9127,6.8666,289.9238,0.00,100.00,179.01,-5.72,179.01,5.72,350.55
34.03,99.53,153.5920,12.2992,202.0002,7.83,100.00,27.02,-5.73,29.06,8.04,0.94,153.9283,15.2382,202.6927,153.5851,15.2324,202.8781,0.65,8.07,27.02,154.4767,15.2436,202.4253,0.65,8.07,27.02,199.9127,6.8666,289.9238,0.00,100.00,179.01,-5.72,179.01,5.72,350.55
34.38,96.86,154.8766,11.8446,204.3100,7.66,100.00,27.76,-8.03,29.15,10.29,3.18,155.1665,14.7473,205.1589,154.8247,14.7259,205.3459,2.93,10.36,27.76,155.7127,14.7761,204.8888,2.93,10.36,27.76,199.9127,6.8666,289.9238,0.00,100.00,179.01,-5.72,179.01,5.72,350.55
34.89,94.66,155.9421,11.4460,206.2167,4.32,100.00,26.56,-8.52,30.01,10.60,4.51,156.1918,14.3394,207.1091,155.8459,14.3117,207.2874,3.86,10.85,26.56,156.7440,14.3779,206.8527,3.86,10.85,26.56,199.9127,6.8666,289.9238,0.00,100.00,179.01,-5.72,179.01,5.72,350.55
35.45,91.07,157.7594,10.7664,209.2887,6.56,100.00,28.11,-8.46,31.57,10.58,3.94,158.0581,13.6622,210.1576,157.7173,13.6383,210.3461,3.30,10.79,28.11,158.6030,13.6949,209.8851,3.30,10.79,28.11,199.9127,6.8666,289.9238,0.00,100.00,179.01,-5.72,179.01,5.72,350.55
35.91,87.91,159.4116,10.1877,211.9744,6.87,100.00,26.83,-7.41,32.68,9.45,3.43,159.7191,13.1023,212.7751,159.3746,13.0841,212.9572,2.45,9.75,26.83,160.2693,13.1263,212.5127,2.45,9.75,26.83,199.9127,6.8666,289.9238,0.00,100.00,179.01,-5.72,179.01,5.72,350.55
36.26,85.88,160.5148,9.8692,213.6692,5.81,100.00,27.78,-6.74,34.30,8.81,2.84,160.8521,12.7945,214.4166,160.5109,12.7807,214.6052,1.83,9.07,27.78,161.3976,12.8122,214.1439,1.83,9.07,27.78,199.9127,6.8666,289.9238,0.00,100.00,179.01,-5.72,179.01,5.72,350.55
36.65,83.03,162.1526,9.4536,216.0235,7.61,100.00,29.72,-4.88,36.23,7.16,0.86,162.5492,12.4041,216.6297,162.2155,12.4026,216.8316,0.04,7.21,29.72,163.0839,12.4033,216.3359,0.04,7.21,29.72,199.9127,6.8666,289.9238,0.00,100.00,179.01,-5.72,179.01,5.72,350.55
37.06,80.79,163.5043,9.1903,217.8425,5.48,100.00,30.60,-3.52,37.08,5.84,0.50,163.8839,12.1569,218.3768,163.5533,12.1569,218.5840,359.84,5.86,30.60,164.4139,12.1542,218.0747,359.84,5.86,30.60,199.9127,6.8666,289.9238,0.00,100.00,179.01,-5.72,179.01,5.72,350.55
37.50,78.16,165.1152,8.9220,219.9628,6.18,100.00,29.80,-1.80,36.27,4.31,358.74,165.5146,11.9042,220.3836,165.1817,11.9153,220.5867,358.27,4.14,29.80,166.0480,11.8851,220.0881,358.27,4.14,29.80,199.9127,6.8666,289.9238,0.00,100.00,179.01,-5.72,179.01,5.72,350.55
37.90,75.28,166.8111,8.7229,222.3324,7.22,100.00,26.33,-0.71,33.70,3.40,357.44,167.2221,11.7114,222.6931,166.8779,11.7311,222.8757,357.03,3.05,26.33,167.7717,11.6793,222.4304,357.03,3.05,26.33,199.9127,6.8666,289.9238,0.00,100.00,179.01,-5.72,179.01,5.72,350.55
38.33,75.29,166.8110,8.7425,222.3324,0.05,100.00,24.02,-0.59,33.70,3.40,357.44,167.2220,11.7310,222.6931,166.8708,11.7515,222.8617,356.91,2.92,24.02,167.7817,11.6976,222.4527,356.91,2.92,24.02,199.9127,6.8666,289.9238,0.00,100.00,179.01,-5.72,179.01,5.72,350.55
38.65,75.31,166.7989,8.7527,222.3140,0.08,100.00,30.62,-0.93,27.70,3.12,357.10,167.1789,11.7429,222.6941,166.8493,11.7609,222.9021,357.26,3.26,30.62,167.7075,11.7132,222.3910,357.26,3.26,30.62,199.9127,6.8666,289.9238,0.00,100.00,179.01,-5.72,179.01,5.72,350.55
39.04,75.47,166.7371,8.7605,222.1665,0.40,100.00,31.20,-0.83,12.38,2.09,356.34,167.0305,11.7571,222.5726,166.7030,11.7754,222.7839,357.21,3.16,31.20,167.5560,11.7269,222.2641,357.21,3.16,31.20,199.9127,6.8666,289.9238,0.00,100.00,179.01,-5.72,179.01,5.72,350.55
39.38,75.66,166.7039,8.7432,221.9665,0.61,100.00,28.77,-0.73,359.04,1.69,356.77,166.8734,11.7443,222.4081,166.5369,11.7571,222.6051,358.04,3.07,28.77,167.4120,11.7229,222.1224,358.04,3.07,28.77,199.9127,6.8666,289.9238,0.00,100.00,179.01,-5.72,179.01,5.72,350.55
39.68,75.70,166.7055,8.7374,221.9195,0.16,100.00,20.58,-0.57,347.06,0.95,356.16,166.8196,11.7419,222.3557,166.4587,11.7595,222.5028,357.33,2.91,20.58,167.3930,11.7129,222.1495,357.33,2.91,20.58,199.9127,6.8666,289.9238,0.00,100.00,179.01,-5.72,179.01,5.72,350.55
40.10,75.70,166.7055,8.7472,221.9195,0.02,100.00,20.58,-0.57,347.06,0.95,356.16,166.8196,11.7517,222.3557,166.4587,11.7693,222.5028,357.33,2.91,20.58,167.3930,11.7227,222.1495,357.33,2.91,20.58,199.9127,6.8666,289.9238,0.00,100.00,179.01,-5.72,179.01,5.72,350.55
40.45,75.67,166.6963,8.7530,221.9594,0.12,100.00,30.61,-0.04,339.83,0.46,356.08,166.7678,11.7604,222.3840,166.4379,11.7743,222.5918,357.87,3.33,30.61,167.2969,11.7372,222.0810,357.87,3.33,30.61,199.9127,6.8666,289.9238,0.00,100.00,179.01,-5.72,179.01,5.72,350.55
40.86,75.49,166.5700,8.7620,222.2215,0.71,100.00,32.58,1.21,321.87,357.99,355.94,166.5927,11.7823,222.5499,166.2706,11.8036,222.7690,356.77,3.17,32.58,167.1102,11.7474,222.2287,356.77,3.17,32.58,199.9127,6.8666,289.9238,0.00,100.00,179.01,-5.72,179.01,5.72,350.55
41.26,75.40,166.4157,8.7662,222.4015,0.59,100.00,24.35,2.87,316.48,358.76,356.81,166.3466,11.7859,222.7287,165.9960,11.8014,222.8990,357.65,2.50,24.35,166.9056,11.7605,222.4855,357.65,2.50,24.35,199.9127,6.8666,289.9238,0.00,100.00,179.01,-5.72,179.01,5.72,350.55
41.61,75.40,166.4157,8.7453,222.4015,0.06,100.00,23.98,3.00,316.48,358.76,356.81,166.3466,11.7650,222.7287,165.9949,11.7806,222.8968,357.64,2.48,23.98,166.9071,11.7394,222.4891,357.64,2.48,23.98,199.9127,6.8666,289.9238,0.00,100.00,179.01,-5.72,179.01,5.72,350.55
41.96,75.40,166.4157,8.7662,222.4015,0.06,100.00,24.69,3.16,316.48,358.76,356.81,166.3466,11.7859,222.7287,165.9970,11.8013,222.9011,357.67,2.51,24.69,166.9041,11.7606,222.4822,357.67,2.51,24.69,199.9127,6.8666,289.9238,0.00,100.00,179.01,-5.72,179.01,5.72,350.55
42.33,75.40,166.4157,8.7472,222.4015,0.05,100.00,26.11,3.49,316.48,358.76,356.81,166.3466,11.7668,222.7287,166.0014,11.7818,222.9098,357.73,2.57,26.11,166.8979,11.7423,222.4684,357.73,2.57,26.11,199.9127,6.8666,289.9238,0.00,100.00,179.01,-5.72,179.01,5.72,350.55
42.69,75.40,166.4157,8.7427,222.4014,0.01,100.00,27.10,3.80,316.48,358.76,356.81,166.3467,11.7623,222.7286,166.0046,11.7770,222.9156,357.78,2.61,27.10,166.8933,11.7382,222.4588,357.78,2.61,27.10,199.9127,6.8666,289.9238,0.00,100.00,179.01,-5.72,179.01,5.72,350.55
43.04,75.40,166.4157,8.7603,222.4014,0.05,100.00,27.45,4.07,316.48,358.76,356.81,166.3466,11.7800,222.7285,166.0057,11.7945,222.9176,357.79,2.62,27.45,166.8917,11.7561,222.4555,357.79,2.62,27.45,199.9127,6.8666,289.9238,0.00,100.00,179.01,-5.72,179.01,5.72,350.55
43.46,75.40,166.4157,8.7662,222.4012,0.01,100.00,27.21,4.36,316.48,358.76,356.81,166.3466,11.7859,222.7284,166.0049,11.8005,222.9161,357.78,2.61,27.21,166.8928,11.7618,222.4576,357.78,2.61,27.21,199.9127,6.8666,289.9238,0.00,100.00,179.01,-5.72,179.01,5.72,350.55
43.76,75.40,166.4157,8.7662,222.4012,0.00,100.00,26.70,4.55,316.48,358.76,356.81,166.3466,11.7859,222.7284,166.0033,11.8007,222.9130,357.76,2.59,26.70,166.8952,11.7616,222.4625,357.76,2.59,26.70,199.9127,6.8666,289.9238,0.00,100.00,179.01,-5.72,179.01,5.72,350.55
44.07,75.40,166.4157,8.7585,222.4012,0.03,100.00,26.47,4.53,316.48,358.76,356.81,166.3466,11.7782,222.7284,166.0025,11.7930,222.9117,357.75,2.58,26.47,166.8962,11.7538,222.4646,357.75,2.58,26.47,199.9127,6.8666,289.9238,0.00,100.00,179.01,-5.72,179.01,5.72,350.55
44.43,75.40,166.4157,8.7562,222.4011,0.01,100.00,26.47,4.32,316.48,358.76,356.81,166.3466,11.7759,222.7283,166.0025,11.7907,222.9116,357.75,2.58,26.47,166.8962,11.7515,222.4646,357.75,2.58,26.47,199.9127,6.8666,289.9238,0.00,100.00,179.01,-5.72,179.01,5.72,350.55
44.73,75.40,166.4157,8.7545,222.4011,0.01,100.00,26.47,4.15,316.48,358.76,356.81,166.3466,11.7741,222.7283,166.0026,11.7890,222.9116,357.75,2.58,26.47,166.8962,11.7497,222.4646,357.75,2.58,26.47,199.9127,6.8666,289.9238,0.00,100.00,179.01,-5.72,179.01,5.72,350.55
45.09,75.40,166.4157,8.7427,222.4011,0.03,100.00,26.47,3.94,316.48,358.76,356.81,166.3466,11.7624,222.7283,166.0026,11.7772,222.9116,357.75,2.58,26.47,166.8962,11.7380,222.4646,357.75,2.58,26.47,199.9127,6.8666,289.9238,0.00,100.00,179.01,-5.72,179.01,5.72,350.55
45.43,75.40,166.4157,8.7545,222.4011,0.04,100.00,26.47,4.11,316.48,358.76,356.81,166.3466,11.7741,222.7283,166.0025,11.7890,222.9116,357.75,2.58,26.47,166.8962,11.7497,222.4646,357.75,2.58,26.47,199.9127,6.8666,289.9238,0.00,100.00,179.01,-5.72,179.01,5.72,350.55
45.78,75.40,166.4157,8.7368,222.4011,0.05,100.00,26.47,4.30,316.48,358.76,356.81,166.3466,11.7565,222.7283,166.0025,11.7713,222.9116,357.75,2.58,26.47,166.8962,11.7321,222.4646,357.75,2.58,26.47,199.9127,6.8666,289.9238,0.00,100.00,179.01,-5.72,179.01,5.72,350.55
46.28,75.40,166.4157,8.7368,222.4011,0.00,100.00,26.47,4.56,316.48,358.76,356.81,166.3466,11.7565,222.7283,166.0026,11.7713,222.9116,357.75,2.58,26.47,166.8962,11.7321,222.4646,357.75,2.58,26.47,199.9127,6.8666,289.9238,0.00,100.00,179.01,-5.72,179.01,5.72,350.55
46.58,75.40,166.4157,8.7368,222.4009,0.00,100.00,26.47,4.56,316.48,358.76,356.81,166.3466,11.7565,222.7281,166.0026,11.7713,222.9114,357.75,2.58,26.47,166.8962,11.7321,222.4644,357.75,2.58,26.47,199.9127,6.8666,289.9238,0.00,100.00,179.01,-5.72,179.01,5.72,350.55
46.88,75.40,166.4157,8.7368,222.4006,0.00,100.00,26.47,4.56,316.48,358.76,356.81,166.3466,11.7565,222.7278,166.0026,11.7713,222.9111,357.75,2.58,26.47,166.8962,11.7321,222.4641,357.75,2.58,26.47,199.9127,6.8666,289.9238,0.00,100.00,179.01,-5.72,179.01,5.72,350.55
47.19,75.40,166.4157,8.7427,222.4005,0.02,100.00,26.47,4.38,316.48,358.76,356.81,166.3466,11.7624,222.7277,166.0026,11.7772,222.9110,357.75,2.58,26.47,166.8962,11.7380,222.4640,357.75,2.58,26.47,199.9127,6.8666,289.9238,0.00,100.00,179.01,-5.72,179.01,5.72,350.55
47.54,75.40,166.4157,8.7604,222.4005,0.05,100.00,26.47,4.25,316.48,358.76,356.81,166.3466,11.7800,222.7277,166.0026,11.7949,222.9110,357.75,2.58,26.47,166.8962,11.7556,222.4640,357.75,2.58,26.47,199.9127,6.8666,289.9238,0.00,100.00,179.01,-5.72,179.01,5.72,350.55
48.03,75.40,166.4157,8.7545,222.4005,0.01,100.00,26.47,4.25,316.48,358.76,356.81,166.3466,11.7742,222.7277,166.0026,11.7890,222.9110,357.75,2.58,26.47,166.8962,11.7498,222.4640,357.75,2.58,26.47,199.9127,6.8666,289.9238,0.00,90.00,179.01,-5.72,179.01,5.72,350.55
48.33,75.40,166.4157,8.7493,222.4005,0.02,100.00,26.47,4.25,316.48,358.76,356.81,166.3466,11.7689,222.7277,166.0026,11.7838,222.9110,357.75,2.58,26.47,166.8962,11.7445,222.4640,357.75,2.58,26.47,199.9127,6.8666,289.9238,0.00,90.00,179.01,-5.72,179.01,5.72,350.55
48.83,75.40,166.4157,8.7545,222.4005,0.01,100.00,26.47,4.25,316.48,358.76,356.81,166.3466,11.7741,222.7277,166.0026,11.7890,222.9110,357.75,2.58,26.47,166.8962,11.7497,222.4640,357.75,2.58,26.47,199.9127,6.8666,289.9238,0.00,90.00,179.01,-5.72,179.01,5.72,350.55
49.19,75.40,166.4157,8.7427,222.4005,0.03,100.00,26.47,4.25,316.48,358.76,356.81,166.3466,11.7624,222.7277,166.0026,11.7773,222.9110,357.75,2.58,26.47,166.8962,11.7380,222.4640,357.75,2.58,26.47,199.9127,6.8666,289.9238,0.00,90.00,179.01,-5.72,179.01,5.72,350.55
49.51,75.40,166.4157,8.7486,222.4005,0.02,100.00,26.47,4.25,316.48,358.76,356.81,166.3466,11.7683,222.7277,166.0026,11.7831,222.9110,357.75,2.58,26.47,166.8962,11.7439,222.4640,357.75,2.58,26.47,199.9127,6.8666,289.9238,0.00,90.00,179.01,-5.72,179.01,5.72,350.55
49.93,75.40,166.4157,8.7545,222.4005,0.01,100.00,26.47,4.25,316.48,358.76,356.81,166.3466,11.7741,222.7277,166.0026,11.7890,222.9110,357.75,2.58,26.47,166.8962,11.7497,222.4640,357.75,2.58,26.47,199.9127,6.8666,289.9238,0.00,90.00,179.01,-5.72,179.01,5.72,350.55
50.33,75.40,166.4157,8.7545,222.4005,0.00,100.00,26.47,4.25,316.48,358.76,356.81,166.3466,11.7742,222.7277,166.0026,11.7891,222.9110,357.75,2.58,26.47,166.8962,11.7498,222.4640,357.75,2.58,26.47,199.9127,6.8666,289.9238,0.00,90.00,179.01,-5.72,179.01,5.72,350.55
50.78,75.40,166.4157,8.7368,222.4005,0.04,100.00,26.47,4.25,316.48,358.76,356.81,166.3466,11.7565,222.7277,166.0026,11.7713,222.9110,357.75,2.58,26.47,166.8962,11.7321,222.4640,357.75,2.58,26.47,199.9127,6.8666,289.9238,0.00,90.00,179.01,-5.72,179.01,5.72,350.55
51.09,75.40,166.4157,8.7428,222.4005,0.02,100.00,26.47,4.25,316.48,358.76,356.81,166.3466,11.7624,222.7277,166.0026,11.7773,222.9110,357.75,2.58,26.47,166.8962,11.7380,222.4640,357.75,2.58,26.47,199.9127,6.8666,289.9238,0.00,90.00,179.01,-5.72,179.01,5.72,350.55
51.53,75.40,166.4157,8.7545,222.4005,0.03,100.00,26.47,4.25,316.48,358.76,356.81,166.3466,11.7742,222.7277,166.0026,11.7890,222.9110,357.75,2.58,26.47,166.8962,11.7498,222.4640,357.75,2.58,26.47,199.9127,6.8666,289.9238,0.00,90.00,179.01,-5.72,179.01,5.72,350.55
51.86,75.40,166.4157,8.7310,222.4005,0.07,100.00,26.47,4.25,316.48,358.76,356.81,166.3466,11.7507,222.7277,166.0026,11.7655,222.9110,357.75,2.58,26.47,166.8962,11.7263,222.4640,357.75,2.58,26.47,199.9127,6.8666,289.9238,0.00,90.00,179.01,-5.72,179.01,5.72,350.55
52.28,75.40,166.4157,8.7369,222.4005,0.01,100.00,26.47,4.25,316.48,358.76,356.81,166.3466,11.7565,222.7277,166.0026,11.7714,222.9110,357.75,2.58,26.47,166.8962,11.7321,222.4640,357.75,2.58,26.47,199.9127,6.8666,289.9238,0.00,90.00,179.01,-5.72,179.01,5.72,350.55
52.64,75.40,166.4158,8.7604,222.4005,0.06,100.00,26.47,4.25,316.48,358.76,356.81,166.3467,11.7800,222.7277,166.0026,11.7949,222.9110,357.75,2.58,26.47,166.8963,11.7556,222.4640,357.75,2.58,26.47,199.9127,6.8666,289.9238,0.00,90.00,179.01,-5.72,179.01,5.72,350.55
52.98,75.40,166.4157,8.7369,222.4005,0.07,100.00,26.47,4.25,316.48,358.76,356.81,166.3466,11.7566,222.7277,166.0026,11.7714,222.9110,357.75,2.58,26.47,166.8962,11.7322,222.4640,357.75,2.58,26.47,199.9127,6.8666,289.9238,0.00,90.00,179.01,-5.72,179.01,5.72,350.55
53.51,75.40,166.4157,8.7487,222.4005,0.02,100.00,26.47,4.25,316.48,358.76,356.81,166.3466,11.7683,222.7277,166.0026,11.7832,222.9110,357.75,2.58,26.47,166.8962,11.7439,222.4640,357.75,2.58,26.47,199.9127,6.8666,289.9238,0.00,90.00,179.01,-5.72,179.01,5.72,350.55
53.96,75.40,166.4157,8.7310,222.4005,0.04,100.00,26.47,4.25,316.48,358.76,356.81,166.3466,11.7507,222.7277,166.0026,11.7655,222.9110,357.75,2.58,26.47,166.8962,11.7263,222.4640,357.75,2.58,26.47,199.9127,6.8666,289.9238,0.00,90.00,179.01,-5.72,179.01,5.72,350.55
54.36,75.40,166.4157,8.7612,222.4005,0.08,100.00,26.47,4.25,316.48,358.76,356.81,166.3466,11.7809,222.7277,166.0026,11.7958,222.9110,357.75,2.58,26.47,166.8962,11.7565,222.4640,357.75,2.58,26.47,199.9127,6.8666,289.9238,0.00,90.00,179.01,-5.72,179.01,5.72,350.55
54.69,75.40,166.4157,8.7495,222.4005,0.04,100.00,26.47,4.25,316.48,358.76,356.81,166.3466,11.7691,222.7277,166.0026,11.7840,222.9110,357.75,2.58,26.47,166.8962,11.7447,222.4640,357.75,2.58,26.47,199.9127,6.8666,289.9238,0.00,90.00,179.01,-5.72,179.01,5.72,350.55
55.14,75.40,166.4157,8.7605,222.4005,0.02,100.00,26.47,4.25,316.48,358.76,356.81,166.3466,11.7801,222.7277,166.0026,11.7950,222.9110,357.75,2.58,26.47,166.8962,11.7557,222.4640,357.75,2.58,26.47,199.9127,6.8666,289.9238,0.00,90.00,179.01,-5.72,179.01,5.72,350.55
55.47,75.40,166.4157,8.7516,222.4005,0.03,100.00,26.47,4.25,316.48,358.76,356.81,166.3466,11.7713,222.7277,166.0026,11.7861,222.9110,357.75,2.58,26.47,166.8962,11.7469,222.4640,357.75,2.58,26.47,199.9127,6.8666,289.9238,0.00,90.00,179.01,-5.72,179.01,5.72,350.55